image: narrow_map.pgm
resolution: 0.050000
origin: [-2.812010, -1.102172, 0.000000]
negate: 0
occupied_thresh: 0.65
free_thresh: 0.196

